   1,  10, 103,  35
  10,  11, 104, 103
  11,  12, 105, 104
  12,  13, 106, 105
  13,   2,  14, 106
  35, 103, 107,  34
 103, 104, 108, 107
 104, 105, 109, 108
 105, 106, 110, 109
 106,  14,  15, 110
  34, 107, 111,  33
 107, 108, 112, 111
 108, 109, 113, 112
 109, 110, 114, 113
 110,  15,  16, 114
  33, 111, 115,  32
 111, 112, 116, 115
 112, 113, 117, 116
 113, 114, 118, 117
 114,  16,  17, 118
  32, 115, 119,  31
 115, 116, 120, 119
 116, 117, 121, 120
 117, 118, 122, 121
 118,  17,  18, 122
  31, 119, 123,  30
 119, 120, 124, 123
 120, 121, 125, 124
 121, 122, 126, 125
 122,  18,  19, 126
  30, 123, 127,  29
 123, 124, 128, 127
 124, 125, 129, 128
 125, 126, 130, 129
 126,  19,  20, 130
  29, 127, 131,  28
 127, 128, 132, 131
 128, 129, 133, 132
 129, 130, 134, 133
 130,  20,  21, 134
  28, 131, 135,  27
 131, 132, 136, 135
 132, 133, 137, 136
 133, 134, 138, 137
 134,  21,  22, 138
  27, 135,  26,   4
 135, 136,  25,  26
 136, 137,  24,  25
 137, 138,  23,  24
 138,  22,   3,  23
   2,  13, 139,  57
  13,  12, 140, 139
  12,  11, 141, 140
  11,  10, 142, 141
  10,   1,  36, 142
  57, 139, 143,  56
 139, 140, 144, 143
 140, 141, 145, 144
 141, 142, 146, 145
 142,  36,  37, 146
  56, 143, 147,  55
 143, 144, 148, 147
 144, 145, 149, 148
 145, 146, 150, 149
 146,  37,  38, 150
  55, 147, 151,  54
 147, 148, 152, 151
 148, 149, 153, 152
 149, 150, 154, 153
 150,  38,  39, 154
  54, 151, 155,  53
 151, 152, 156, 155
 152, 153, 157, 156
 153, 154, 158, 157
 154,  39,  40, 158
  53, 155, 159,  52
 155, 156, 160, 159
 156, 157, 161, 160
 157, 158, 162, 161
 158,  40,  41, 162
  52, 159, 163,  51
 159, 160, 164, 163
 160, 161, 165, 164
 161, 162, 166, 165
 162,  41,  42, 166
  51, 163, 167,  50
 163, 164, 168, 167
 164, 165, 169, 168
 165, 166, 170, 169
 166,  42,  43, 170
  50, 167, 171,  49
 167, 168, 172, 171
 168, 169, 173, 172
 169, 170, 174, 173
 170,  43,  44, 174
  49, 171,  48,   6
 171, 172,  47,  48
 172, 173,  46,  47
 173, 174,  45,  46
 174,  44,   5,  45
   7,  58, 175,  84
  58,  59, 176, 175
  59,  60, 177, 176
  60,  61, 178, 177
  61,  62, 179, 178
  62,  63, 180, 179
  63,  64, 181, 180
  64,  65, 182, 181
  65,  66, 183, 182
  66,   1,  35, 183
  84, 175, 184,  83
 175, 176, 185, 184
 176, 177, 186, 185
 177, 178, 187, 186
 178, 179, 188, 187
 179, 180, 189, 188
 180, 181, 190, 189
 181, 182, 191, 190
 182, 183, 192, 191
 183,  35,  34, 192
  83, 184, 193,  82
 184, 185, 194, 193
 185, 186, 195, 194
 186, 187, 196, 195
 187, 188, 197, 196
 188, 189, 198, 197
 189, 190, 199, 198
 190, 191, 200, 199
 191, 192, 201, 200
 192,  34,  33, 201
  82, 193, 202,  81
 193, 194, 203, 202
 194, 195, 204, 203
 195, 196, 205, 204
 196, 197, 206, 205
 197, 198, 207, 206
 198, 199, 208, 207
 199, 200, 209, 208
 200, 201, 210, 209
 201,  33,  32, 210
  81, 202, 211,  80
 202, 203, 212, 211
 203, 204, 213, 212
 204, 205, 214, 213
 205, 206, 215, 214
 206, 207, 216, 215
 207, 208, 217, 216
 208, 209, 218, 217
 209, 210, 219, 218
 210,  32,  31, 219
  80, 211, 220,  79
 211, 212, 221, 220
 212, 213, 222, 221
 213, 214, 223, 222
 214, 215, 224, 223
 215, 216, 225, 224
 216, 217, 226, 225
 217, 218, 227, 226
 218, 219, 228, 227
 219,  31,  30, 228
  79, 220, 229,  78
 220, 221, 230, 229
 221, 222, 231, 230
 222, 223, 232, 231
 223, 224, 233, 232
 224, 225, 234, 233
 225, 226, 235, 234
 226, 227, 236, 235
 227, 228, 237, 236
 228,  30,  29, 237
  78, 229, 238,  77
 229, 230, 239, 238
 230, 231, 240, 239
 231, 232, 241, 240
 232, 233, 242, 241
 233, 234, 243, 242
 234, 235, 244, 243
 235, 236, 245, 244
 236, 237, 246, 245
 237,  29,  28, 246
  77, 238, 247,  76
 238, 239, 248, 247
 239, 240, 249, 248
 240, 241, 250, 249
 241, 242, 251, 250
 242, 243, 252, 251
 243, 244, 253, 252
 244, 245, 254, 253
 245, 246, 255, 254
 246,  28,  27, 255
  76, 247,  75,   8
 247, 248,  74,  75
 248, 249,  73,  74
 249, 250,  72,  73
 250, 251,  71,  72
 251, 252,  70,  71
 252, 253,  69,  70
 253, 254,  68,  69
 254, 255,  67,  68
 255,  27,   4,  67
   1,  66, 256,  36
  66,  65, 257, 256
  65,  64, 258, 257
  64,  63, 259, 258
  63,  62, 260, 259
  62,  61, 261, 260
  61,  60, 262, 261
  60,  59, 263, 262
  59,  58, 264, 263
  58,   7,  85, 264
  36, 256, 265,  37
 256, 257, 266, 265
 257, 258, 267, 266
 258, 259, 268, 267
 259, 260, 269, 268
 260, 261, 270, 269
 261, 262, 271, 270
 262, 263, 272, 271
 263, 264, 273, 272
 264,  85,  86, 273
  37, 265, 274,  38
 265, 266, 275, 274
 266, 267, 276, 275
 267, 268, 277, 276
 268, 269, 278, 277
 269, 270, 279, 278
 270, 271, 280, 279
 271, 272, 281, 280
 272, 273, 282, 281
 273,  86,  87, 282
  38, 274, 283,  39
 274, 275, 284, 283
 275, 276, 285, 284
 276, 277, 286, 285
 277, 278, 287, 286
 278, 279, 288, 287
 279, 280, 289, 288
 280, 281, 290, 289
 281, 282, 291, 290
 282,  87,  88, 291
  39, 283, 292,  40
 283, 284, 293, 292
 284, 285, 294, 293
 285, 286, 295, 294
 286, 287, 296, 295
 287, 288, 297, 296
 288, 289, 298, 297
 289, 290, 299, 298
 290, 291, 300, 299
 291,  88,  89, 300
  40, 292, 301,  41
 292, 293, 302, 301
 293, 294, 303, 302
 294, 295, 304, 303
 295, 296, 305, 304
 296, 297, 306, 305
 297, 298, 307, 306
 298, 299, 308, 307
 299, 300, 309, 308
 300,  89,  90, 309
  41, 301, 310,  42
 301, 302, 311, 310
 302, 303, 312, 311
 303, 304, 313, 312
 304, 305, 314, 313
 305, 306, 315, 314
 306, 307, 316, 315
 307, 308, 317, 316
 308, 309, 318, 317
 309,  90,  91, 318
  42, 310, 319,  43
 310, 311, 320, 319
 311, 312, 321, 320
 312, 313, 322, 321
 313, 314, 323, 322
 314, 315, 324, 323
 315, 316, 325, 324
 316, 317, 326, 325
 317, 318, 327, 326
 318,  91,  92, 327
  43, 319, 328,  44
 319, 320, 329, 328
 320, 321, 330, 329
 321, 322, 331, 330
 322, 323, 332, 331
 323, 324, 333, 332
 324, 325, 334, 333
 325, 326, 335, 334
 326, 327, 336, 335
 327,  92,  93, 336
  44, 328, 102,   5
 328, 329, 101, 102
 329, 330, 100, 101
 330, 331,  99, 100
 331, 332,  98,  99
 332, 333,  97,  98
 333, 334,  96,  97
 334, 335,  95,  96
 335, 336,  94,  95
 336,  93,   9,  94
