  0.223621994,  0.223621994
           1.,           1.
           0.,           1.
           0.,  0.223621994
  0.223621994,           0.
           1.,           0.
 0.0707106814, 0.0707106814
           0.,  0.100000001
  0.100000001,           0.
  0.244580105,  0.244580105
  0.288901091,  0.288901091
   0.38262856,   0.38262856
  0.580838025,  0.580838025
  0.899999976,           1.
  0.800000012,           1.
  0.699999988,           1.
  0.600000024,           1.
          0.5,           1.
  0.400000006,           1.
  0.300000012,           1.
  0.200000003,           1.
  0.100000001,           1.
           0.,  0.604735315
           0.,  0.403888345
           0.,  0.301831424
           0.,  0.249972984
 0.0223622005,  0.223621994
 0.0447244011,  0.223621994
 0.0670865998,  0.223621994
 0.0894488022,  0.223621994
  0.111810997,  0.223621994
    0.1341732,  0.223621994
  0.156535402,  0.223621994
  0.178897604,  0.223621994
  0.201259807,  0.223621994
  0.223621994,  0.201259807
  0.223621994,  0.178897604
  0.223621994,  0.156535402
  0.223621994,    0.1341732
  0.223621994,  0.111810997
  0.223621994, 0.0894488022
  0.223621994, 0.0670865998
  0.223621994, 0.0447244011
  0.223621994, 0.0223622005
  0.249972984,           0.
  0.301831424,           0.
  0.403888345,           0.
  0.604735315,           0.
           1.,  0.100000001
           1.,  0.200000003
           1.,  0.300000012
           1.,  0.400000006
           1.,          0.5
           1.,  0.600000024
           1.,  0.699999988
           1.,  0.800000012
           1.,  0.899999976
 0.0729558319, 0.0729558319
 0.0760877132, 0.0760877132
 0.0804565325, 0.0804565325
 0.0865508169, 0.0865508169
 0.0950520486, 0.0950520486
  0.106910847,  0.106910847
  0.123453289,  0.123453289
  0.146529183,  0.146529183
   0.17871891,   0.17871891
           0.,  0.193374038
           0.,  0.169954136
           0.,  0.151820958
           0.,  0.137781098
           0.,  0.126910537
           0.,  0.118493862
           0.,  0.111977138
           0.,   0.10693147
           0.,  0.103024796
 0.00784590933, 0.0996917337
 0.0156434458, 0.0987688377
 0.0233445372, 0.0972369909
 0.0309017003,  0.095105648
 0.0382683426, 0.0923879519
 0.0453990512, 0.0891006514
 0.0522498563, 0.0852640197
 0.0587785244, 0.0809016973
 0.0649448037, 0.0760405958
 0.0760405958, 0.0649448037
 0.0809016973, 0.0587785244
 0.0852640197, 0.0522498563
 0.0891006514, 0.0453990512
 0.0923879519, 0.0382683426
  0.095105648, 0.0309017003
 0.0972369909, 0.0233445372
 0.0987688377, 0.0156434458
 0.0996917337, 0.00784590933
  0.103024796,           0.
   0.10693147,           0.
  0.111977138,           0.
  0.118493862,           0.
  0.126910537,           0.
  0.137781098,           0.
  0.151820958,           0.
  0.169954136,           0.
  0.193374038,           0.
  0.220122084,  0.245119393
  0.260010988,  0.290194124
  0.344365686,  0.384754539
  0.522754192,  0.583227754
  0.195664078,  0.245658681
   0.23112087,  0.291487157
  0.306102842,  0.386880517
   0.46467042,  0.585617483
  0.171206072,  0.246197969
  0.202230752,  0.292780191
  0.267839998,  0.389006495
  0.406586617,  0.588007212
  0.146748066,  0.246737257
  0.173340648,  0.294073224
  0.229577124,  0.391132474
  0.348502815,  0.590396941
  0.122290052,  0.247276545
  0.144450545,  0.295366257
   0.19131428,  0.393258452
  0.290419012,   0.59278667
  0.097832039,  0.247815832
  0.115560435,  0.296659291
  0.153051421,  0.395384431
   0.23233521,  0.595176399
  0.073374033,   0.24835512
 0.0866703242,  0.297952324
  0.114788562,  0.397510409
  0.174251407,  0.597566128
 0.0489160195,  0.248894408
 0.0577802174,  0.299245358
 0.0765257105,  0.399636388
  0.116167605,  0.599955857
 0.0244580097,  0.249433696
 0.0288901087,  0.300538391
 0.0382628553,  0.401762366
 0.0580838025,  0.602345586
  0.583227754,  0.522754192
  0.384754539,  0.344365686
  0.290194124,  0.260010988
  0.245119393,  0.220122084
  0.585617483,   0.46467042
  0.386880517,  0.306102842
  0.291487157,   0.23112087
  0.245658681,  0.195664078
  0.588007212,  0.406586617
  0.389006495,  0.267839998
  0.292780191,  0.202230752
  0.246197969,  0.171206072
  0.590396941,  0.348502815
  0.391132474,  0.229577124
  0.294073224,  0.173340648
  0.246737257,  0.146748066
   0.59278667,  0.290419012
  0.393258452,   0.19131428
  0.295366257,  0.144450545
  0.247276545,  0.122290052
  0.595176399,   0.23233521
  0.395384431,  0.153051421
  0.296659291,  0.115560435
  0.247815832,  0.097832039
  0.597566128,  0.174251407
  0.397510409,  0.114788562
  0.297952324, 0.0866703242
   0.24835512,  0.073374033
  0.599955857,  0.116167605
  0.399636388, 0.0765257105
  0.299245358, 0.0577802174
  0.248894408, 0.0489160195
  0.602345586, 0.0580838025
  0.401762366, 0.0382628553
  0.300538391, 0.0288901087
  0.249433696, 0.0244580097
 0.0669398978, 0.0783167183
  0.069724597, 0.0814635456
  0.073611252, 0.0858167559
 0.0790356994, 0.0918421522
 0.0866060928,  0.100186452
  0.097171016,  0.111747764
  0.111914493,  0.127773732
  0.132488593,  0.149998084
  0.161198333,  0.180830687
  0.060531389, 0.0832179561
 0.0629793406, 0.0863919556
 0.0663977265, 0.0907458141
 0.0711708665, 0.0967240259
 0.0778351873,  0.104940385
 0.0871393606,   0.11624299
  0.100128278,  0.131804466
  0.118260153,  0.153247058
  0.143569976,  0.182816282
 0.0537675843, 0.0876301825
 0.0558882244, 0.0908443257
 0.0588509105, 0.0952161402
  0.062989518,  0.101170257
 0.0687701702,  0.109289519
 0.0768435895,  0.120374702
  0.088118121,  0.135526985
  0.103861697,  0.156262025
  0.125844091,  0.184667617
 0.0466879532,  0.091527015
 0.0484896675, 0.0947950035
 0.0510078296, 0.0992030054
 0.0545268133,  0.105157353
 0.0594437234,  0.113212027
 0.0663130358,  0.124123275
 0.0759088993,  0.138924673
 0.0893121138,  0.159030363
  0.108031482,  0.186377451
 0.0393338986, 0.0948852599
 0.0408239774, 0.0982213989
 0.0429073274,  0.102684654
 0.0458196402,  0.108664662
 0.0498901159,  0.116688713
 0.0555784814,  0.127471492
 0.0635267198,  0.141982883
 0.0746312216,  0.161540985
  0.090143539,   0.18793942
 0.0317485258, 0.0976850614
 0.0329331122,  0.101104178
 0.0345898345,  0.105642445
 0.0369064026,  0.111674473
 0.0401450321,  0.119703136
 0.0446719751,  0.130404562
 0.0509987399,  0.144689128
 0.0598396324,  0.163784385
 0.0721920878,  0.189348087
 0.0239763614, 0.0999099761
 0.0248604212,  0.103427343
 0.0260971244,  0.108060971
 0.0278267618,  0.114172153
 0.0302453302,  0.122241683
  0.033626616,  0.132910281
 0.0383530296,  0.147033021
 0.0449586622,  0.165752694
 0.0541893579,  0.190598905
 0.0160630886,  0.101547129
 0.0166503675,  0.105178364
 0.0174720474,  0.109928146
 0.0186214149,  0.116146237
 0.0202288218,  0.124293707
 0.0224763565,  0.134979084
 0.0256183837,  0.149006456
 0.0300101731,  0.167439744
  0.036147885,  0.191688374
 0.00805525761,  0.102587268
 0.00834826659,  0.106348217
 0.00875826739,  0.111235276
 0.00933183264,   0.11758846
 0.0101340394,  0.125851527
 0.0112558063,  0.136604071
 0.0128241377,  0.150603607
 0.0150164329,  0.168841124
 0.0180804525,  0.192613915
  0.180830687,  0.161198333
  0.149998084,  0.132488593
  0.127773732,  0.111914493
  0.111747764,  0.097171016
  0.100186452, 0.0866060928
 0.0918421522, 0.0790356994
 0.0858167559,  0.073611252
 0.0814635456,  0.069724597
 0.0783167183, 0.0669398978
  0.182816282,  0.143569976
  0.153247058,  0.118260153
  0.131804466,  0.100128278
   0.11624299, 0.0871393606
  0.104940385, 0.0778351873
 0.0967240259, 0.0711708665
 0.0907458141, 0.0663977265
 0.0863919556, 0.0629793406
 0.0832179561,  0.060531389
  0.184667617,  0.125844091
  0.156262025,  0.103861697
  0.135526985,  0.088118121
  0.120374702, 0.0768435895
  0.109289519, 0.0687701702
  0.101170257,  0.062989518
 0.0952161402, 0.0588509105
 0.0908443257, 0.0558882244
 0.0876301825, 0.0537675843
  0.186377451,  0.108031482
  0.159030363, 0.0893121138
  0.138924673, 0.0759088993
  0.124123275, 0.0663130358
  0.113212027, 0.0594437234
  0.105157353, 0.0545268133
 0.0992030054, 0.0510078296
 0.0947950035, 0.0484896675
  0.091527015, 0.0466879532
   0.18793942,  0.090143539
  0.161540985, 0.0746312216
  0.141982883, 0.0635267198
  0.127471492, 0.0555784814
  0.116688713, 0.0498901159
  0.108664662, 0.0458196402
  0.102684654, 0.0429073274
 0.0982213989, 0.0408239774
 0.0948852599, 0.0393338986
  0.189348087, 0.0721920878
  0.163784385, 0.0598396324
  0.144689128, 0.0509987399
  0.130404562, 0.0446719751
  0.119703136, 0.0401450321
  0.111674473, 0.0369064026
  0.105642445, 0.0345898345
  0.101104178, 0.0329331122
 0.0976850614, 0.0317485258
  0.190598905, 0.0541893579
  0.165752694, 0.0449586622
  0.147033021, 0.0383530296
  0.132910281,  0.033626616
  0.122241683, 0.0302453302
  0.114172153, 0.0278267618
  0.108060971, 0.0260971244
  0.103427343, 0.0248604212
 0.0999099761, 0.0239763614
  0.191688374,  0.036147885
  0.167439744, 0.0300101731
  0.149006456, 0.0256183837
  0.134979084, 0.0224763565
  0.124293707, 0.0202288218
  0.116146237, 0.0186214149
  0.109928146, 0.0174720474
  0.105178364, 0.0166503675
  0.101547129, 0.0160630886
  0.192613915, 0.0180804525
  0.168841124, 0.0150164329
  0.150603607, 0.0128241377
  0.136604071, 0.0112558063
  0.125851527, 0.0101340394
   0.11758846, 0.00933183264
  0.111235276, 0.00875826739
  0.106348217, 0.00834826659
  0.102587268, 0.00805525761
